21 6 12 29 13 17 24 10 5 11 25 15 31 1 20 32 28 3 26 27 23 33 36 7 34 2 4 8 30 14 16 18 35 22 9 19 
16 19 22 21 13 34 33 27 24 30 12 18 36 7 3 1 11 31 17 5 14 4 35 6 15 25 26 10 32 20 29 28 8 9 2 23 
20 11 15 22 27 7 33 5 32 35 1 14 8 19 6 18 23 3 10 34 24 12 29 26 30 31 16 4 9 28 21 36 25 17 2 13 
17 3 20 34 10 12 23 6 16 8 4 28 24 11 21 36 26 13 7 19 29 25 14 18 35 27 1 22 15 2 9 32 31 30 5 33 
20 31 29 4 28 33 26 18 14 11 9 25 17 27 16 23 36 7 13 35 30 32 24 6 5 19 1 15 21 12 10 3 8 34 2 22 
3 13 6 9 24 11 32 16 18 8 5 23 22 33 31 36 34 26 17 10 2 21 25 7 1 19 20 15 27 35 28 12 29 4 30 14 
18 35 12 1 34 30 29 24 14 28 2 13 4 21 20 6 36 23 16 9 31 8 3 22 33 25 19 7 26 5 32 11 10 27 15 17 
12 4 26 7 10 31 13 18 16 22 27 8 29 19 30 24 17 5 6 20 36 21 32 33 11 35 3 2 28 34 23 1 25 15 9 14 
31 36 16 24 21 3 14 18 10 12 26 29 13 27 2 19 25 5 20 11 15 23 6 35 34 9 28 8 22 7 30 32 1 17 33 4 
15 23 24 12 7 31 8 29 1 22 35 14 36 28 18 10 3 17 11 27 25 2 13 34 33 21 5 6 9 16 4 32 20 30 19 26 
