18 13 27 28 36 9 8 11 21 12 14 23 24 19 33 3 35 10 22 29 5 31 16 2 6 17 7 26 34 4 32 20 15 30 25 1 
8 34 5 30 14 7 2 27 3 21 29 10 16 1 15 23 24 17 4 12 28 19 20 31 35 22 18 25 6 9 32 33 36 26 13 11 
24 34 31 14 13 2 21 16 15 17 12 1 36 4 11 25 19 8 35 22 29 20 28 23 3 6 18 27 30 33 10 7 9 32 26 5 
3 21 10 17 8 5 22 1 31 14 27 15 34 16 19 6 25 4 9 36 26 28 24 29 20 32 23 12 13 18 11 33 35 30 7 2 
12 35 1 16 13 15 22 4 32 6 11 17 28 20 10 25 34 14 29 27 19 23 26 30 2 3 33 21 31 36 24 5 18 7 9 8 
30 25 5 14 23 21 1 4 35 20 18 11 8 12 31 9 36 16 19 2 22 3 7 6 33 13 26 17 15 24 34 10 29 32 27 28 
14 10 34 11 9 24 5 22 28 1 19 27 8 32 12 16 23 4 15 26 13 33 6 2 36 21 30 18 31 20 25 3 17 35 7 29 
35 22 26 6 2 11 5 33 23 17 27 34 7 19 14 4 25 21 15 12 32 29 1 10 20 28 36 3 13 8 9 18 24 31 16 30 
14 7 13 26 25 1 16 28 30 29 9 22 12 33 5 4 10 19 17 27 6 23 32 34 2 36 8 18 20 21 35 3 15 31 11 24 
20 15 28 6 25 8 5 10 17 16 4 26 24 7 9 29 3 36 31 27 21 34 11 22 12 30 23 33 35 14 19 2 18 1 13 32 
24 27 3 35 25 28 8 7 31 4 5 10 21 36 32 1 13 23 14 29 2 9 20 12 19 11 16 26 30 22 6 33 15 17 18 34 
8 2 34 11 16 15 13 32 26 21 3 20 9 6 14 19 12 29 10 24 7 5 27 4 23 17 25 30 33 28 36 22 18 35 31 1 
15 17 3 8 29 23 6 2 20 28 18 31 19 30 13 25 34 11 26 33 12 32 5 36 27 9 4 14 35 1 24 10 22 21 16 7 
31 20 16 23 6 8 3 26 17 21 24 12 14 35 28 19 34 9 18 7 13 25 33 4 15 30 27 2 29 10 5 11 1 22 36 32 
35 16 15 18 25 10 3 8 12 4 19 22 23 13 2 30 27 1 34 36 6 33 32 14 31 5 17 21 7 9 11 29 28 26 24 20 
33 9 16 15 25 13 10 7 27 1 14 30 35 26 23 6 11 29 32 31 3 2 28 5 19 20 21 12 24 4 36 34 8 22 18 17 
1 2 13 5 30 20 17 31 21 27 4 26 7 22 36 34 11 14 32 24 3 19 10 15 29 25 9 23 28 33 12 35 6 18 16 8 
4 22 21 15 13 17 25 34 23 29 14 9 7 30 10 1 24 35 19 12 3 27 31 2 32 33 20 6 8 36 11 26 16 18 5 28 
22 35 1 10 17 30 18 19 2 29 11 31 24 3 9 5 25 7 14 8 21 15 6 20 4 28 16 34 27 13 12 32 33 36 26 23 
6 2 36 19 29 3 17 31 22 27 32 18 21 9 23 7 20 26 13 5 34 1 16 4 11 24 33 28 30 25 35 10 15 8 14 12 
11 8 3 31 19 23 33 20 17 15 9 18 13 6 27 25 29 35 36 14 21 30 16 32 5 10 7 4 28 24 22 12 2 1 34 26 
6 4 22 31 26 1 13 5 20 10 2 17 8 34 11 12 3 27 23 36 16 21 18 15 14 33 9 7 29 19 25 32 24 30 28 35 
2 3 9 16 1 28 13 30 6 17 27 12 23 10 5 24 7 33 26 21 18 4 29 8 31 15 22 14 36 35 34 19 11 25 20 32 
12 35 22 8 19 11 32 9 17 29 15 36 5 28 16 3 30 21 7 31 4 6 25 1 23 27 18 26 24 10 14 33 34 20 13 2 
31 15 14 17 20 13 3 22 18 30 33 36 24 32 4 23 29 26 1 34 5 12 21 2 7 35 8 6 9 25 27 10 11 28 19 16 
18 9 25 20 29 35 15 22 8 17 21 36 33 5 28 16 26 31 12 27 13 2 4 30 10 23 1 14 11 3 19 32 7 6 24 34 
23 27 13 9 24 7 15 12 6 3 5 21 19 1 10 17 18 30 11 32 36 34 16 28 29 4 25 26 33 31 8 14 35 2 20 22 
4 23 13 16 33 2 29 5 22 34 25 9 8 36 26 31 19 28 15 21 17 30 3 12 20 35 6 11 18 24 14 27 10 7 1 32 
17 32 16 13 20 11 19 18 22 10 31 26 24 30 33 3 7 6 27 21 4 34 14 25 23 29 8 1 5 15 12 9 35 28 36 2 
12 35 11 3 20 7 33 9 5 17 29 19 22 10 21 25 6 27 26 15 24 8 28 23 31 13 4 30 2 32 36 34 14 1 18 16 
16 26 23 30 20 9 19 11 33 1 15 28 14 21 18 5 27 17 35 34 31 22 24 6 10 12 2 29 25 13 3 36 32 4 8 7 
33 10 7 25 3 14 9 24 22 12 30 4 26 16 27 32 29 28 13 31 6 36 34 2 23 1 5 8 11 35 17 15 18 21 20 19 
36 15 17 3 25 10 11 9 34 2 14 26 13 1 7 22 18 16 32 29 19 5 30 20 33 35 12 21 23 4 24 6 27 31 8 28 
11 9 1 29 23 25 36 31 10 7 30 8 15 2 16 12 14 34 33 27 19 26 18 22 6 21 4 35 17 3 5 13 28 24 20 32 
6 22 11 12 35 21 3 30 31 9 24 18 36 8 20 2 32 15 10 14 34 5 28 19 26 16 4 29 33 1 13 23 27 7 25 17 
7 34 20 15 31 9 13 24 16 1 29 19 32 18 22 36 27 21 4 35 30 10 25 3 26 23 14 5 8 6 2 33 12 11 28 17 
30 13 2 4 25 6 28 15 17 3 29 9 19 23 34 33 18 35 27 21 20 10 5 11 12 7 8 36 26 31 16 22 24 32 14 1 
19 34 25 20 23 9 10 4 14 2 12 32 3 26 6 28 11 22 8 21 35 29 30 31 36 17 5 1 13 27 33 7 24 18 15 16 
22 24 9 1 33 25 13 28 11 34 14 30 18 15 12 2 20 27 4 26 19 31 35 21 17 8 5 32 3 7 16 29 10 23 36 6 
18 7 24 21 19 31 9 20 33 28 15 6 13 22 8 34 11 29 1 27 5 25 26 10 4 12 16 35 3 17 14 32 23 36 30 2 
3 4 16 5 32 2 1 25 35 27 15 33 13 9 31 34 26 12 18 20 23 21 19 28 6 30 11 7 36 14 8 24 29 10 22 17 
3 22 35 31 20 19 10 8 28 11 9 27 18 1 34 33 7 21 4 14 24 6 12 16 29 26 2 17 36 5 25 15 30 23 32 13 
3 26 28 13 17 35 16 36 2 19 6 23 5 12 18 8 22 20 27 34 14 7 1 25 11 33 15 29 31 24 10 30 32 9 21 4 
4 34 28 17 9 24 1 15 23 3 27 14 22 19 13 11 12 7 35 5 31 30 10 2 36 18 32 16 26 20 6 25 21 8 29 33 
1 7 8 30 6 13 31 22 29 15 36 14 26 10 24 35 3 19 25 23 33 32 2 18 28 20 34 16 9 17 21 12 5 11 27 4 
7 3 10 6 8 15 18 30 4 27 33 13 12 5 32 31 20 28 24 21 36 23 1 26 19 35 16 29 22 17 34 9 14 2 11 25 
22 23 27 35 30 21 10 16 11 19 6 31 29 34 15 9 7 2 26 3 12 5 20 25 24 8 28 1 4 17 33 36 32 18 14 13 
14 33 22 9 35 10 16 2 5 32 15 13 26 7 17 18 3 12 1 36 21 24 23 8 30 29 34 4 28 20 6 11 25 27 31 19 
10 15 17 8 25 12 23 1 14 2 6 21 29 32 11 24 22 33 19 34 28 20 16 13 31 18 3 7 4 26 30 36 9 35 27 5 
6 20 3 4 8 5 23 10 28 35 16 30 19 18 17 26 12 13 27 21 15 14 22 25 7 1 33 32 11 31 34 9 24 2 29 36 
14 7 16 2 29 9 23 17 25 13 1 27 11 5 19 12 3 18 30 24 32 10 34 21 35 31 20 15 28 4 8 33 22 36 26 6 
12 1 7 11 8 14 34 23 21 24 5 20 28 18 25 22 36 19 29 16 9 35 31 30 6 27 2 26 17 13 15 32 10 4 3 33 
27 32 14 4 16 17 12 31 26 23 2 21 25 30 33 19 22 28 9 24 34 29 3 20 7 35 11 13 5 1 18 10 36 6 15 8 
5 12 2 28 17 7 11 27 6 14 20 23 34 19 10 18 16 13 35 31 30 22 9 24 29 33 21 25 32 36 8 3 4 26 1 15 
36 14 28 8 19 4 22 7 9 12 20 13 30 18 15 24 25 32 31 1 21 23 6 17 26 27 29 16 2 5 11 3 34 35 33 10 
32 20 14 7 5 24 35 30 26 36 23 21 31 13 3 12 4 16 27 18 19 22 33 8 6 2 28 29 25 15 1 34 11 17 10 9 
29 30 19 18 9 7 8 12 4 2 32 21 16 24 31 5 27 25 1 22 6 14 23 10 15 13 11 35 33 17 28 20 26 36 34 3 
26 3 28 19 20 5 33 27 18 34 11 17 36 8 25 23 24 12 7 21 30 32 6 2 1 10 29 15 16 31 9 4 22 13 14 35 
2 3 19 14 29 24 6 35 12 17 30 16 20 4 33 21 36 25 8 32 18 10 9 28 31 26 13 11 5 7 1 15 34 27 23 22 
36 21 9 25 7 31 10 5 26 4 32 2 33 6 13 18 28 23 22 19 27 15 29 34 8 14 3 17 30 1 35 12 24 11 16 20 
25 6 5 31 12 36 13 24 35 18 19 15 11 22 14 34 1 23 29 16 33 10 17 3 21 20 27 32 4 26 2 9 30 7 28 8 
4 8 5 19 1 23 18 30 3 7 2 13 6 28 21 35 36 27 16 22 26 33 15 10 9 31 12 25 11 14 32 20 24 34 17 29 
2 6 9 20 14 22 29 11 21 15 5 35 13 33 32 31 28 10 25 34 7 27 3 30 8 24 4 26 12 18 23 36 16 19 1 17 
14 12 28 1 34 17 11 13 35 36 31 24 19 8 16 22 3 18 32 27 30 23 7 26 21 6 33 29 20 25 15 9 5 10 4 2 
9 16 4 3 18 10 1 2 12 24 6 8 29 23 25 15 35 21 13 30 36 11 33 20 34 19 31 32 27 28 26 7 5 17 14 22 
20 21 36 33 6 31 12 27 28 8 11 32 25 16 26 1 22 30 7 19 4 34 23 29 9 35 14 18 3 13 5 2 15 24 17 10 
27 13 35 9 23 14 32 28 7 21 10 17 31 1 3 6 4 2 19 34 25 15 5 33 36 8 12 26 22 11 16 30 20 18 24 29 
36 11 8 34 9 15 31 17 16 30 13 26 22 23 25 14 33 32 27 12 35 5 29 24 21 19 2 20 1 3 6 28 18 4 7 10 
22 9 23 18 24 11 12 10 1 17 29 14 15 6 16 30 13 32 2 5 25 36 8 20 35 3 28 27 34 21 33 31 4 26 19 7 
7 28 17 10 23 11 27 21 22 16 29 14 20 13 2 30 1 25 26 24 32 35 9 3 33 5 12 18 15 31 36 4 8 19 6 34 
9 27 4 19 18 8 23 31 34 21 20 28 15 5 24 29 7 1 12 25 32 16 14 36 11 30 2 10 13 26 22 33 6 35 17 3 
5 2 23 33 8 24 14 17 20 1 11 29 13 26 19 7 34 18 15 16 9 36 6 30 35 28 4 32 12 3 27 31 21 10 22 25 
21 31 12 29 18 11 20 26 19 5 2 17 15 14 10 6 28 4 3 23 1 36 8 30 22 34 33 7 27 9 16 13 32 35 24 25 
7 31 12 24 6 11 21 13 14 4 36 9 19 32 10 28 23 8 1 22 30 2 34 3 26 17 25 27 20 15 5 18 29 35 33 16 
32 5 11 7 3 14 30 31 13 36 15 18 20 26 29 6 33 17 34 27 24 12 22 23 21 10 35 28 4 1 16 25 9 2 8 19 
11 15 35 2 34 10 26 27 12 24 6 18 1 30 3 4 23 7 33 29 9 8 32 31 25 36 19 13 14 5 16 20 22 21 17 28 
15 11 8 6 36 33 13 24 12 19 9 22 5 3 2 26 27 7 28 21 17 29 32 16 1 35 20 31 23 10 4 25 18 30 14 34 
31 25 3 29 8 22 12 24 2 35 6 23 9 18 36 16 15 5 21 32 11 14 20 10 33 13 28 19 27 4 26 17 34 30 7 1 
3 15 36 12 1 32 29 9 25 21 16 24 13 31 34 4 5 20 14 19 11 35 33 8 17 18 10 23 7 28 6 2 27 22 26 30 
36 8 1 27 6 21 16 5 4 35 13 33 34 26 10 29 25 15 14 11 30 19 7 32 23 2 31 24 20 22 12 3 28 9 17 18 
5 18 15 1 2 10 19 28 24 20 35 7 21 23 36 31 4 8 9 11 26 22 27 16 30 6 14 25 3 12 34 29 32 17 33 13 
18 2 13 14 8 31 29 26 10 6 28 7 16 36 34 12 3 22 5 11 24 35 4 30 27 33 9 32 23 19 17 25 1 20 21 15 
15 11 10 33 13 12 26 34 20 29 27 22 8 28 23 36 3 24 35 4 31 18 21 5 16 32 30 17 14 7 9 25 6 19 2 1 
32 16 28 20 6 26 29 12 17 25 22 9 18 13 1 27 21 4 36 34 7 11 30 31 5 15 33 23 24 8 3 2 14 19 10 35 
18 30 9 24 8 14 7 32 34 4 6 12 16 10 20 26 11 13 1 33 35 28 17 15 27 19 21 36 2 3 22 31 25 5 29 23 
2 4 30 13 12 35 32 33 34 19 3 17 21 26 28 18 29 1 36 24 22 25 6 5 14 20 10 23 8 11 16 15 9 31 27 7 
4 5 30 9 22 26 20 29 18 25 14 17 33 1 2 21 10 11 28 15 7 36 8 3 19 6 35 32 31 12 16 34 13 24 27 23 
23 11 12 24 5 34 17 30 32 31 7 15 6 19 16 2 29 36 35 13 8 25 3 21 18 27 22 9 10 26 4 28 33 14 1 20 
19 8 5 21 6 16 31 17 24 7 27 22 33 13 18 32 20 1 10 35 30 23 4 11 2 28 26 9 34 36 15 3 14 29 25 12 
23 5 24 12 3 31 22 1 36 19 10 21 17 16 15 35 8 2 26 29 27 28 9 11 7 34 20 32 25 33 4 18 30 14 6 13 
30 7 10 21 15 9 33 2 14 4 5 36 31 17 24 27 6 11 1 34 32 18 19 25 28 23 35 8 16 12 29 3 22 20 13 26 
22 4 29 26 5 17 8 19 34 12 20 18 25 24 11 35 1 32 13 9 6 27 33 3 16 30 28 31 14 23 10 36 7 15 21 2 
36 6 22 14 13 31 7 24 30 26 17 15 16 27 20 33 29 18 4 3 32 28 11 34 21 12 8 23 19 1 9 10 35 25 5 2 
5 1 16 21 17 6 11 9 10 36 35 15 24 12 33 27 28 20 3 13 14 26 22 2 32 29 25 8 31 19 34 7 23 18 4 30 
23 1 31 9 36 26 29 18 13 24 20 25 27 17 32 5 16 22 6 10 34 4 8 19 3 7 30 35 28 21 33 11 12 15 2 14 
22 18 4 8 15 36 33 19 14 31 28 25 21 26 6 7 20 32 27 34 11 13 17 24 10 29 12 9 30 5 3 2 35 1 16 23 
21 10 26 16 28 14 11 34 18 29 22 27 31 30 19 17 4 33 5 13 7 6 36 1 3 8 25 12 15 35 32 20 9 2 24 23 
13 24 5 9 21 6 26 19 7 10 36 20 15 4 33 16 18 3 29 11 32 25 28 12 2 8 14 31 35 34 23 27 17 22 30 1 
3 18 26 28 32 19 21 9 23 8 10 14 30 7 29 12 2 24 33 36 1 20 17 31 34 35 13 11 4 16 5 25 15 22 27 6 
18 9 34 6 1 8 13 7 16 14 5 27 2 23 22 11 25 12 32 20 24 31 35 26 10 19 30 29 36 33 21 28 17 3 4 15 
23 16 32 3 11 24 31 10 17 5 13 34 8 33 20 36 9 6 28 15 2 29 21 27 18 1 25 7 35 12 4 26 30 22 14 19 
4 10 11 19 31 28 21 1 23 16 32 12 5 29 20 18 17 35 25 22 27 30 36 26 33 13 7 2 9 14 8 24 15 34 6 3 
27 3 33 6 12 11 8 28 29 32 7 17 5 4 25 21 34 10 1 20 16 35 19 15 23 24 9 22 30 2 36 13 31 18 14 26 
22 8 5 10 3 17 1 36 30 18 35 6 15 25 31 4 11 2 28 19 29 7 27 9 26 21 33 34 12 24 20 16 32 13 23 14 
34 20 18 7 5 22 35 36 15 21 12 19 30 27 9 16 33 3 24 4 14 32 13 28 10 8 26 23 31 6 17 11 29 1 25 2 
7 10 9 1 36 17 8 31 6 15 28 22 23 3 21 27 11 12 35 16 26 30 14 18 13 33 5 34 2 32 29 25 20 4 19 24 
7 18 14 6 16 19 15 26 22 3 20 35 31 8 21 13 27 36 5 4 25 23 29 30 1 12 9 24 2 10 17 34 28 11 32 33 
11 24 26 32 17 23 7 5 16 33 6 1 25 29 36 18 13 4 27 12 28 14 3 35 15 9 22 30 34 2 31 20 10 21 8 19 
29 1 2 4 13 23 24 30 9 22 26 10 28 20 12 5 32 16 7 18 21 11 17 19 33 35 6 36 15 8 3 27 14 25 31 34 
5 4 28 6 27 29 32 20 1 3 17 21 35 9 12 30 26 15 31 18 22 33 14 25 36 19 8 34 24 2 11 16 7 23 13 10 
14 32 35 25 28 8 5 27 24 6 26 9 17 16 23 33 20 19 31 34 30 7 21 4 10 22 3 1 29 18 2 12 36 13 11 15 
3 21 29 6 24 12 14 15 19 22 2 1 18 17 7 36 16 32 30 23 35 25 20 26 27 13 10 33 31 8 5 4 11 34 28 9 
27 34 32 3 19 1 18 31 36 17 28 2 6 7 21 5 15 16 23 22 20 14 25 4 11 26 13 10 30 33 24 12 8 35 29 9 
13 19 5 35 31 1 8 2 11 6 10 15 22 25 28 34 24 29 21 14 4 3 30 33 27 7 9 17 23 36 32 18 20 26 16 12 
19 17 23 6 26 16 18 21 10 25 3 20 22 8 31 36 7 5 30 34 35 33 12 11 27 9 29 2 13 14 15 4 1 28 24 32 
8 16 26 28 22 2 36 21 13 14 18 7 25 5 3 27 10 23 24 30 29 9 19 35 20 1 33 12 6 11 31 4 17 34 15 32 
5 6 12 17 3 18 28 30 7 9 16 20 21 1 22 34 14 10 23 13 19 29 26 4 32 8 27 36 31 2 24 25 11 33 15 35 
7 5 22 10 20 13 24 18 3 17 11 35 4 27 21 28 8 1 25 30 23 29 12 19 16 33 14 2 6 32 26 34 9 31 15 36 
28 18 16 3 14 8 31 17 7 24 5 33 15 27 34 2 4 20 13 30 6 12 36 19 11 22 32 29 10 21 35 23 25 9 26 1 
19 33 3 30 5 10 36 12 1 35 14 16 18 29 20 17 24 4 11 9 25 6 23 8 22 32 13 31 7 21 2 34 28 27 15 26 
